[[ 63.03960597   1.11114776  47.684356    -3.82116396  31.27121931
   -8.91461885  15.47423409 -17.22879532   3.21470164 -24.24153985
   -8.53723889 -25.68648989  -9.67299992   2.62629189]
 [ 63.07224279   1.15578456  47.91295344  -3.4787891   31.34284793
   -8.5983443   15.59235749 -17.68073978   3.26660614 -24.39608877
   -8.3123495  -26.05908725  -9.70008929   2.5107766 ]
 [ 63.02473402   1.07742216  47.73048293  -3.5778363   31.27568129
   -8.61069185  15.8712924  -17.50546087   3.20989778 -24.2902007
   -8.49124401 -26.1785353   -9.66367101   2.77039346]
 [ 62.99957487   1.07177799  47.80573373  -2.91395303  31.24009901
   -7.84036634  16.08224409 -17.42308702   3.18279411 -24.20346919
   -8.46123933 -26.20320151  -9.72963707   2.75014869]
 [ 62.89012188   0.95649897  47.79819223  -3.15658144  31.39796383
   -7.78036847  16.54032197 -16.65111002   3.09358516 -24.06537194
   -8.7469581  -26.29093217  -9.77139187   3.03480304]
 [ 62.86762024   0.91102538  48.01591334  -2.49632832  31.45605612
   -7.00036854  16.77320007 -16.29647515   3.06825941 -23.85117622
   -8.7260776  -26.08524684  -9.74969443   2.9253594 ]
 [ 62.71739386   0.75938341  47.61754389  -3.02019142  31.23235312
   -6.91252805  16.59796665 -14.61871918   2.80018457 -23.53213792
   -9.18716741 -25.9424529   -9.91182333   3.34054543]
 [ 62.64426766   0.65210001  47.66619911  -2.38325975  31.17801155
   -5.97450966  16.7812051  -13.18661008   2.68958397 -23.12629575
   -9.173655   -25.40549926  -9.88146716   3.20731865]
 [ 62.65138071   0.71345948  47.21041562  -2.78977098  30.88987127
   -5.76790875  16.25713232 -10.70928127   2.4582452  -22.86128928
   -9.62089856 -25.16063472 -10.04425743   3.62952799]
 [ 62.58185876   0.58118937  47.32021252  -2.35037908  30.93782176
   -4.80767664  16.65583227  -8.60585264   2.36562898 -22.44749576
   -9.58798611 -24.58967566 -10.06349481   3.45849279]
 [ 62.71030961   0.76770486  46.69486073  -2.50164278  30.4436613
   -4.62514811  16.05818925  -6.60180507   2.15619747 -22.22011907
   -9.91164862 -24.09322181 -10.19257233   3.7979679 ]
 [ 62.6901347    0.70115693  46.72218761  -2.06786756  30.42775571
   -3.89670472  16.68507943  -5.88390894   2.1334857  -21.84059818
   -9.93373367 -23.90427165 -10.18403016   3.68692253]
 [ 62.82421577   0.91740265  46.23435541  -1.82598575  29.86122709
   -3.68803276  15.88600297  -5.84628024   1.99505271 -21.74792926
  -10.09898651 -23.28144956 -10.22497009   3.83504688]
 [ 62.86494762   0.89553124  46.28608277  -1.54571353  29.88110126
   -3.20707134  16.26382296  -6.03273981   2.01676478 -21.5340029
  -10.10988502 -23.94651464 -10.26480482   3.88616565]
 [ 62.92606188   1.00162635  46.10778973  -0.96849755  29.52072769
   -2.97593003  15.27246907  -6.57014846   1.9579997  -21.55631932
  -10.27962189 -22.96249126 -10.29571034   3.8696908 ]
 [ 63.04282842   1.06569988  46.10335066  -0.84666697  29.44124841
   -2.78453951  15.35265168  -7.30434093   2.07139394 -21.51495998
  -10.16505394 -24.18257601 -10.23212522   3.90798654]
 [ 63.02054041   1.07559442  46.0986203   -0.03943024  29.23374431
   -2.58624596  14.54461597  -8.2570634    2.02638766 -21.58491807
  -10.36185549 -23.02820856 -10.32417385   3.87820984]
 [ 63.12949704   1.15637764  45.8544425   -0.47276443  29.02330112
   -2.89303458  14.36120675  -8.80088119   2.10601488 -21.54705597
  -10.23733085 -24.33054576 -10.21463276   4.08384699]
 [ 63.07129761   1.12774407  45.93377113   0.53513421  28.82889582
   -2.60066945  13.83426007  -9.9629134    2.11206288 -21.62209428
  -10.39871187 -23.04326905 -10.3209949    3.83775136]
 [ 63.18548662   1.23904726  45.46909706   0.02030453  28.39425836
   -2.98231549  13.57403202  -9.99070483   2.16498879 -21.51651003
  -10.25618952 -24.17739061 -10.14102929   4.1415713 ]
 [ 63.09512543   1.1679457   45.69534033   0.54951037  28.41767697
   -3.0847538   13.0926129  -10.94229713   2.13976869 -21.59151151
  -10.46984473 -22.69816636 -10.31863998   3.72577841]
 [ 63.20088795   1.26829655  45.11577551  -0.16104236  27.9126946
   -3.66217205  12.80999372 -10.60041656   2.15150005 -21.36793172
  -10.32617794 -23.26370584 -10.09659665   3.96694872]
 [ 63.0954944    1.15656912  45.4143465    0.15963042  27.96931304
   -3.64257731  12.52446432 -10.60843625   2.14174842 -21.42202445
  -10.42936767 -22.01999282 -10.37017724   3.68436546]
 [ 63.18235246   1.24271382  45.19448338  -0.37402472  27.92893304
   -4.12675971  12.72267499 -10.42549002   2.13442386 -21.2466823
  -10.39489188 -21.91703576 -10.15734764   3.68845414]
 [ 63.14946402   1.2498763   45.03994942  -0.19715745  27.57533746
   -4.16274715  12.18809044 -10.27005855   2.16242737 -21.25559956
  -10.34047456 -21.26998982 -10.30763174   3.51512526]
 [ 63.19546168   1.2418304   44.96571998  -0.78917912  27.73155334
   -4.76719043  12.46342369 -10.65004582   2.06704944 -21.10555249
  -10.56365158 -20.92011014 -10.27420649   3.48979068]
 [ 63.09007087   1.16456769  44.91136074  -0.62070924  27.50429444
   -4.87289263  12.03092872 -10.75618701   2.10111703 -21.18165223
  -10.42564589 -20.85914752 -10.30940191   3.37318408]
 [ 63.04945704   1.05616584  45.06881152  -1.01986254  27.90907049
   -5.42343437  12.38277314 -11.36128112   1.9809825  -21.09816146
  -10.75223017 -20.40017442 -10.43286903   3.37250398]
 [ 62.9539609    0.98776786  45.15336074  -0.87199224  27.79915124
   -5.55232354  12.15739158 -11.71229383   2.06530012 -21.22508796
  -10.67242821 -20.85793792 -10.37742648   3.18360984]
 [ 62.99388828   0.95393903  45.41535038  -1.21407663  28.30619949
   -6.01819549  12.66187976 -11.87805024   1.99811508 -21.19986534
  -10.95112643 -20.10244618 -10.46743111   2.92208007]
 [ 62.87294267   0.85610543  45.61037327  -1.24612864  28.33535786
   -6.10871225  12.29971035 -12.52958985   2.05031511 -21.26273034
  -10.75022038 -20.2960911  -10.2896814    2.65565468]
 [ 62.96483643   0.89646997  45.57990926  -1.65126289  28.39969561
   -6.35804859  12.65630254 -11.50650314   1.90787201 -21.1066419
  -11.10874647 -19.30175644 -10.44537334   2.41576783]
 [ 62.79028262   0.74603857  45.61599382  -1.30189099  28.33782912
   -6.23840787  12.14908141 -12.45337022   1.92225792 -21.14244054
  -10.9317976  -19.18026535 -10.16239848   2.00548563]
 [ 62.98893099   0.95249454  45.60056365  -1.84489276  28.39311019
   -6.47802105  12.47731923 -11.13499869   1.83976577 -20.99875024
  -11.14513179 -17.85081737 -10.36086453   1.74656758]
 [ 62.92592233   0.89310575  45.5706959   -1.3531098   28.2241423
   -6.28335676  12.08980096 -12.23574991   1.82753964 -20.93873448
  -11.01669901 -17.6802803  -10.02449977   1.46145768]
 [ 63.13731677   1.11990997  45.54432569  -1.91188829  28.20913703
   -6.71486509  12.07886008 -11.97233392   1.7820781  -20.94892332
  -11.16185214 -16.86359408 -10.2296829    1.3115917 ]
 [ 62.98920439   0.93748452  45.62405227  -1.88849052  28.27474204
   -6.92904149  11.94222449 -12.71899776   1.7909384  -20.97582308
  -10.96133552 -17.39957395 -10.02219268   1.35994566]
 [ 63.17048328   1.10428573  45.58750646  -2.13013692  28.25942607
   -7.14153783  12.11503808 -13.02268243   1.7915609  -21.14604607
  -10.94015702 -17.3210895  -10.1530026    1.07740498]
 [ 63.06816225   1.01414563  45.84874682  -2.11957529  28.54096627
   -7.30117982  12.08601803 -13.57673869   1.88018368 -21.294312
  -10.53745477 -18.50536267  -9.90005874   1.2221627 ]
 [ 63.22441539   1.1449308   45.71907946  -2.11110225  28.42464535
   -7.30382163  12.23327327 -14.29498665   1.91422403 -21.57178609
  -10.54005721 -18.91691901 -10.04087203   0.99498806]
 [ 63.15541902   1.07199543  45.98615494  -2.18875784  28.74944539
   -7.53397734  12.38570925 -14.94698547   2.07626107 -21.80413895
  -10.08767558 -20.17500371  -9.7317764    1.37928819]
 [ 63.26013547   1.19572468  45.64275924  -2.01524156  28.36756223
   -7.34466038  12.52174327 -15.58526111   2.10720222 -22.05431032
  -10.27477972 -21.42766582  -9.98075657   1.49514981]
 [ 63.22431056   1.15419316  45.65780617  -1.89289218  28.47937058
   -7.36968802  12.37736    -15.91383207   2.15418355 -22.06759573
   -9.94852404 -22.32453767  -9.7225381    2.14480156]
 [ 63.28846834   1.20095386  45.24842276  -1.50043518  27.99805914
   -6.81857087  12.51614983 -15.58420681   2.0784878  -22.0783043
  -10.31266525 -23.44182589 -10.03221681   2.26277511]
 [ 63.29371338   1.22315635  45.12035076  -1.34411999  27.91564757
   -6.73708281  12.10356675 -15.29492194   2.03530117 -21.79754946
  -10.04064189 -23.00341338  -9.77740208   2.64584331]
 [ 63.36241613   1.30683449  44.78711544  -1.11249857  27.52668562
   -6.37393953  12.19096237 -14.53482461   1.98234268 -21.63262255
  -10.30103674 -23.48334731 -10.02484939   2.76406703]
 [ 63.37082149   1.34113806  44.65850148  -0.98585375  27.44311813
   -6.3716925   11.64926164 -14.07693722   1.89085845 -21.33797582
  -10.20297262 -22.9929221   -9.84125247   3.02344747]
 [ 63.42886855   1.41613847  44.38241023  -1.0006071   27.09914638
   -6.24427004  11.62262793 -13.10165067   1.81795788 -21.00989772
  -10.42808202 -22.8515263  -10.03596663   3.11140756]
 [ 63.42895878   1.40347236  44.32074917  -0.96399202  27.03766296
   -6.36405473  11.20323879 -12.36282632   1.72317973 -20.7196489
  -10.39341852 -22.31663061  -9.89322681   3.2557568 ]
 [ 63.48845791   1.46452765  44.15187512  -1.13402142  26.91357279
   -6.33654833  11.27841372 -11.19179728   1.70587657 -20.43212658
  -10.48772453 -21.88218914 -10.0769524    3.38114426]
 [ 63.49434471   1.48506719  44.1280352   -1.01470245  26.85806192
   -6.41089368  11.07661773 -10.36045497   1.62898594 -20.18069618
  -10.43709772 -21.52228841  -9.95557386   3.39265202]
 [ 63.58806717   1.60958602  44.09639664  -1.24188406  26.9387599
   -6.4297193   11.34690844  -9.62453636   1.65171907 -19.98103534
  -10.52496243 -21.09677566 -10.04358841   3.47299088]
 [ 63.60727473   1.65763631  44.06108783  -1.21533809  26.81682239
   -6.59482327  11.16252173  -9.18222652   1.57300388 -19.82360666
  -10.45347141 -20.88448377  -9.97126919   3.4608076 ]
 [ 63.70458544   1.78020588  44.06041545  -1.56339284  26.901803
   -6.64748718  11.42105857  -9.00351747   1.5877836  -19.7142758
  -10.57338671 -20.66492036 -10.05135313   3.61124257]
 [ 63.69568924   1.80292726  44.02320155  -1.54229904  26.78632022
   -6.73203428  11.24981567  -8.65327009   1.49352368 -19.60649498
  -10.52313931 -20.60927196 -10.0009725    3.56058239]
 [ 63.76099747   1.87082987  44.06380938  -1.88518946  26.89492368
   -6.73640922  11.49281777  -8.56174861   1.55378144 -19.53511927
  -10.64540953 -20.37588669 -10.06625194   3.70070295]
 [ 63.74080076   1.90446809  44.01283215  -1.8623499   26.76503618
   -6.76753587  11.30706576  -8.27033219   1.48555278 -19.47883713
  -10.55530641 -20.52063655 -10.05323418   3.65184148]
 [ 63.82576896   1.96584591  44.1008817   -2.11423843  26.88651385
   -6.71886152  11.47303776  -8.32866992   1.57184133 -19.43562351
  -10.63362754 -20.27211815 -10.06000035   3.72363438]
 [ 63.77032438   1.96509745  44.01157315  -2.02432772  26.72257211
   -6.6400038   11.23175393  -8.23597803   1.5016215  -19.43226396
  -10.58046881 -20.6222408  -10.08881401   3.685814  ]
 [ 63.84374911   2.00973259  44.03256825  -1.99896195  26.74806869
   -6.45800677  11.30795492  -8.46862337   1.59047056 -19.45199503
  -10.62855876 -20.34501744 -10.08320881   3.72083593]
 [ 63.78581422   1.97283359  43.91466281  -1.86711028  26.5259476
   -6.31169246  10.97395811  -8.54933832   1.56003312 -19.5056301
  -10.54392401 -21.02477267 -10.13760224   3.70259493]
 [ 63.8010186    1.9537218   43.8627587   -1.39479518  26.40912149
   -5.87809492  10.98551528  -9.03424715   1.66320217 -19.60235625
  -10.6216852  -20.57104673 -10.12314772   3.66513994]
 [ 63.70577296   1.83777079  44.09593334  -0.51128419  26.45477683
   -5.42883782  11.062653    -9.61614259   1.72187528 -19.792783
  -10.50092973 -21.56620284 -10.130787     3.63087696]
 [ 63.68892816   1.80319725  44.060703     0.17680372  26.36774948
   -4.77927545  11.34762381 -10.2472779    1.85902153 -19.8887698
  -10.51766012 -20.80015273 -10.12968549   3.55219165]
 [ 63.5912909    1.69186741  44.96453862   1.49293759  26.97110022
   -4.11390996  12.00488224 -11.1481281    2.02717496 -20.14992546
  -10.24544373 -22.046982   -10.14622852   3.54983169]
 [ 63.67933879   1.78372307  44.79693546   1.69486275  26.75214515
   -3.47924216  12.20044061 -11.44524352   2.1384629  -20.19055483
  -10.2582357  -21.13064817 -10.21135331   3.59157657]
 [ 63.58356137   1.75680591  45.55623715   2.11070728  27.35960971
   -3.38150678  12.58802378 -12.17726688   2.27969658 -20.41859434
  -10.03068596 -22.35216167 -10.19181465   3.50919173]
 [ 63.77898308   1.92314652  45.16151503   1.86551425  27.0145967
   -3.18071908  12.69067731 -11.83046078   2.30939846 -20.40816195
  -10.058634   -21.4406084  -10.24282005   3.60820488]
 [ 63.64641294   1.8351436   45.93005432   2.30986544  27.76084776
   -3.55263351  12.95526656 -12.68999832   2.41562787 -20.66053252
   -9.99684376 -22.68906452 -10.31207107   3.51530165]
 [ 63.78430908   1.9171467   45.68308905   2.06743416  27.58450877
   -3.62440616  13.1714108  -12.38970537   2.42003913 -20.66083628
   -9.99849457 -21.71742964 -10.33519072   3.68962836]
 [ 63.47745475   1.67619464  46.2050917    2.28172381  28.37976086
   -4.33025389  13.44235135 -13.26173003   2.45066303 -21.00364347
  -10.06125333 -23.02215764 -10.39416656   3.46805471]
 [ 63.5349074    1.64542755  46.14332246   1.81993289  28.47921311
   -4.7586746   13.76662438 -13.08344853   2.47645342 -21.17620704
   -9.96879126 -22.52762933 -10.35803976   3.78725083]
 [ 63.28801699   1.45860889  46.20773949   1.86167991  28.91171071
   -5.57942678  13.80938786 -14.58140156   2.49310359 -21.5461716
   -9.97696457 -23.7826175  -10.43345745   3.47938286]
 [ 63.3265142    1.40698574  46.52120016   0.7466921   29.45560018
   -6.37193617  14.58888535 -14.5464082    2.56694905 -21.97287033
   -9.93036454 -23.69707206 -10.32664838   3.70643687]
 [ 63.10432802   1.20865417  46.48959159   0.82045207  29.70554981
   -6.8948734   14.48328124 -15.99345339   2.67240111 -22.39251496
   -9.77789468 -24.94094521 -10.41085036   3.49492608]
 [ 63.01924112   1.00289668  47.23879309  -0.77057064  30.76346944
   -7.85576066  15.61579533 -16.05294902   2.83853391 -22.96537219
   -9.7035736  -25.24507134 -10.3397811    3.5183395 ]
 [ 62.81576064   0.8322308   47.70582601  -0.39043635  31.2472693
   -8.02512933  15.83391041 -17.72269209   2.89646743 -23.18542159
   -9.8015306  -25.71555929 -10.40178708   3.28993375]
 [ 62.69661131   0.60699109  48.69478997  -2.12765467  32.49885481
   -9.09654675  17.08661425 -17.59379415   2.99173599 -23.57901545
   -9.91949001 -25.53883572 -10.32080199   3.05575588]
 [ 62.57755812   0.4880577   48.6729412   -1.12284354  32.23113286
   -8.47208336  16.8155512  -17.9429937    2.94996172 -23.39852994
  -10.05236298 -25.35993005 -10.39974044   2.98717264]
 [ 62.40632133   0.2671755   49.77401557  -2.53068747  33.57238129
   -9.33321847  18.06046621 -18.13938709   2.96338023 -23.57489933
  -10.2430302  -24.58711605 -10.28643608   2.43205582]
 [ 62.31089188   0.09562316  49.52378804  -1.31284157  32.88901678
   -8.0847197   17.29882726 -16.69671197   2.69531093 -22.90137912
  -10.60251199 -22.98091194 -10.35755009   2.38205475]
 [ 62.27075559   0.10696015  49.98544993  -2.14134666  33.61151646
   -8.53381018  17.76893555 -16.91270781   2.71127667 -22.92644765
  -10.64701704 -21.45426018 -10.26933867   1.68831186]
 [ 62.23969347  -0.01276163  50.18342444  -0.91835479  33.36315512
   -7.1265515   17.80083713 -15.3787478    2.51096355 -22.37945773
  -10.77997829 -20.12952974 -10.31691727   1.70785122]
 [ 62.3428342    0.20494706  50.05510387  -1.52036797  33.4343128
   -7.22622578  17.56089812 -15.40024681   2.45143168 -22.29460045
  -10.89998886 -18.91529261 -10.26923531   1.26827281]
 [ 62.47317477   0.30936704  50.41049659  -0.54344476  33.42402518
   -6.23497962  17.89367149 -13.54309463   2.32175471 -21.80231711
  -10.93181245 -18.07786432 -10.42086754   1.44840801]
 [ 62.73007395   0.59586585  49.74535286  -0.96407362  33.02895441
   -6.09306545  17.26957974 -13.60600168   2.19793795 -21.6383633
  -11.18620524 -17.5383618  -10.4126288    1.31875982]
 [ 62.82270494   0.60018555  50.43991928  -0.35743953  33.47123011
   -5.56464688  17.99640345 -12.2385382    2.28133268 -21.40731158
  -11.00608133 -17.24706535 -10.43777382   1.37585782]
 [ 62.96547764   0.86411046  49.65979087  -0.27517651  32.88352717
   -4.96352404  17.38119362 -12.07998861   2.08536151 -21.17953978
  -11.24261173 -16.70318349 -10.51910852   1.399848  ]
 [ 63.12141867   0.95555222  50.13094892  -0.2764277   33.2726823
   -4.93715312  18.09807776 -11.14981088   2.25515984 -21.137057
  -11.02378214 -17.16676583 -10.55333605   1.49681262]
 [ 63.18816183   1.13959644  49.44032838  -0.11692321  32.65779157
   -4.351082    17.39506419 -11.03488247   2.12241554 -21.01532374
  -11.12002738 -17.12651725 -10.55834584   1.58724708]
 [ 63.28436164   1.16414811  49.63120194  -0.41613808  32.84056192
   -4.37185768  17.878286    -9.7160805    2.2120973  -21.02690821
  -10.95702627 -17.79390665 -10.64052982   1.78817   ]
 [ 63.30058533   1.27499667  48.99195665  -0.08319378  32.2601845
   -3.92900547  17.01315402  -9.66391591   2.06412479 -20.84544646
  -11.10353245 -17.85829305 -10.61166783   1.90205974]
 [ 63.39772725   1.28018495  49.18762629  -0.59396137  32.51839259
   -4.02485295  17.59357192  -8.03689003   2.14492732 -20.95786624
  -10.91801443 -18.82822052 -10.63412209   2.12862146]
 [ 63.39988959   1.38938421  48.46007792  -0.44679856  31.76447017
   -3.72018074  16.59676347  -8.21743632   2.03775196 -20.70550637
  -10.95112997 -18.81684962 -10.5156243    2.32271492]
 [ 63.45310917   1.41212228  48.32705442  -0.76526139  31.74086122
   -3.88507226  16.88693562  -7.77120376   2.07476287 -20.84753057
  -10.88901719 -19.89161818 -10.60776223   2.70583542]
 [ 63.45875399   1.39261273  47.93138194  -0.81381177  31.25952316
   -3.52154662  16.53794405  -7.68855788   2.0259476  -20.64623103
  -10.84771441 -20.25517815 -10.48061109   2.93527746]
 [ 63.47093783   1.39224907  47.59272901  -1.26467494  31.02187416
   -3.79228761  16.30259551  -7.34445747   1.96720928 -20.67486331
  -10.84547251 -20.93803579 -10.56604143   3.20944284]
 [ 63.49120573   1.43763099  47.21843767  -1.2076526   30.60513452
   -3.59333177  15.98101104  -7.46459723   1.89189677 -20.51474952
  -10.90994946 -21.24042888 -10.46990214   3.38940582]
 [ 63.46899706   1.42757496  46.93759101  -1.47011435  30.42250329
   -3.97552003  15.64208934  -7.44983777   1.86296561 -20.409945
  -10.92847335 -21.61387587 -10.57551654   3.55394565]
 [ 63.51583134   1.46981195  46.47310205  -1.3000706   29.8814148
   -3.77340278  15.26312255  -7.37246063   1.8071469  -20.22832391
  -10.95107889 -21.79344551 -10.46296908   3.75599299]
 [ 63.49196883   1.41363895  46.27830568  -1.53535909  29.62415288
   -4.25911967  14.68912029  -7.88495262   1.79841629 -20.13013914
  -11.00513316 -21.76880794 -10.6131998    3.84226309]
 [ 63.55752601   1.54246316  45.82952132  -1.60464743  29.19926163
   -4.29911848  14.41135278  -7.62030177   1.76913627 -19.93730051
  -11.03550746 -21.62590614 -10.47021006   3.91836417]
 [ 63.52196991   1.47108091  45.57871334  -1.90529567  28.86721967
   -4.86110315  13.72929233  -8.21429105   1.70723913 -19.85665726
  -11.10115161 -21.61314332 -10.67353417   4.05091115]
 [ 63.59406062   1.64165195  45.3471652   -2.1138039   28.68561075
   -4.96232769  13.73878497  -7.88465742   1.6631956  -19.6858791
  -11.15771627 -21.19007273 -10.56258599   4.10177017]
 [ 63.58303432   1.60538679  45.13386625  -2.40992835  28.46909284
   -5.4890607   13.20957995  -8.24992943   1.64154515 -19.66658313
  -11.21535453 -21.38124055 -10.68828288   4.17156456]
 [ 63.64926079   1.73364479  45.06887914  -2.63368252  28.4578693
   -5.44315564  13.4232326   -7.9555694    1.60594531 -19.55078285
  -11.26810273 -21.02466712 -10.60114266   4.23227014]
 [ 63.6167583    1.67082205  44.96469532  -2.80685145  28.41560389
   -5.7959756   13.15718231  -8.15564301   1.64090604 -19.6154432
  -11.27540187 -21.32076883 -10.69458163   4.27344592]
 [ 63.66299116   1.77858077  44.86659363  -3.0819966   28.30667194
   -5.70539201  13.2563831   -7.97271213   1.58609295 -19.4713895
  -11.32272957 -20.97999566 -10.64690457   4.35917387]
 [ 63.61975909   1.70048212  44.89714744  -3.15712576  28.46418074
   -5.95904585  13.1681261   -8.07038432   1.68935394 -19.62113712
  -11.27253475 -21.30678774 -10.69504541   4.33623175]
 [ 63.66977241   1.79943816  44.91132236  -3.2397121   28.32852462
   -5.8059779   13.25516568  -8.02377568   1.69251788 -19.52042101
  -11.22313993 -20.93172655 -10.5857217    4.34019098]
 [ 63.573273     1.66071928  44.98802765  -3.38685804  28.48539488
   -6.04872244  13.26903878  -8.16853527   1.7639845  -19.72169463
  -11.18264335 -21.44202888 -10.64636212   4.4049069 ]
 [ 63.65359661   1.77157661  45.0678904   -3.42006649  28.40546993
   -6.02676984  13.39963294  -8.23529793   1.82153031 -19.67143513
  -11.11996238 -21.23783429 -10.53980445   4.34586202]
 [ 63.51932537   1.5802306   45.18027279  -3.60283979  28.60464859
   -6.2931445   13.46226784  -8.26092841   1.83418063 -19.85235716
  -11.1052191  -21.77296335 -10.60088725   4.37761959]
 [ 63.54592776   1.66076972  45.39445304  -3.71295933  28.8216349
   -6.76718949  13.6088767   -9.10566421   1.91355874 -20.01770591
  -11.05383257 -21.63930032 -10.58416658   4.3897038 ]
 [ 63.41287195   1.44103771  45.55239213  -3.94324253  28.98492671
   -6.97541926  13.67191311  -9.04427898   1.8795027  -20.16817452
  -11.21292057 -22.11758004 -10.68108349   4.36482083]
 [ 63.35974122   1.44027483  45.83217109  -3.89738986  29.42619758
   -7.70657377  13.95450376 -10.73200801   2.11176711 -20.68844187
  -10.95631717 -22.3723798  -10.57286958   4.31349728]
 [ 63.23471804   1.26052628  46.29330784  -4.01875017  29.9007857
   -7.86941032  14.39613259 -10.9668494    2.21353883 -21.06656055
  -10.98895766 -22.96796427 -10.62797531   4.23791049]
 [ 63.09901054   1.14229334  46.78939435  -4.11053244  30.63350162
   -8.87783928  15.0091035  -13.23711489   2.52342065 -21.86222649
  -10.57239831 -23.66344666 -10.59209911   4.09735335]
 [ 62.98088999   1.01833755  47.51504126  -4.44570601  31.31230929
   -9.15937908  15.72730555 -13.62552636   2.72011714 -22.39199027
  -10.62805508 -24.1542022  -10.64736689   4.04621884]
 [ 62.90692681   0.84917003  48.1247151   -4.43282539  32.10392156
  -10.01054982  16.28268475 -15.57315736   2.95063404 -22.98320294
  -10.26317551 -24.59064557 -10.57947378   3.77677529]
 [ 62.72570364   0.72008238  48.47577346  -4.64490428  32.46452692
  -10.10116026  16.91342528 -15.85472192   3.044934   -23.42056662
  -10.33156864 -25.11381888 -10.63532122   3.79927614]
 [ 62.7345367    0.65096463  48.87170279  -4.44280683  32.98276706
  -10.59726722  17.26062602 -17.12500286   3.19227115 -23.76206671
  -10.01489088 -25.2531041  -10.62879853   3.57422385]
 [ 62.56076875   0.50410763  49.1655664   -4.3616641   33.26285877
  -10.32479236  17.89835547 -17.09547849   3.24037851 -23.99314584
  -10.30651425 -25.43039491 -10.70145293   3.58791883]
 [ 62.59584881   0.49914724  49.24520633  -4.08192842  33.45684291
  -10.58780151  17.94422115 -18.13992704   3.28644723 -24.20763232
  -10.20750306 -25.28815735 -10.74951157   3.45582223]
 [ 62.49303262   0.41744742  49.60759345  -3.8457748   33.79205096
  -10.16564878  18.64997928 -17.62683021   3.27832189 -24.20756778
  -10.33395985 -25.30950553 -10.77795726   3.47688328]
 [ 62.48699227   0.39663134  49.80317734  -3.58603084  34.10977297
  -10.33775386  18.76114413 -18.35048887   3.25670616 -24.25555353
  -10.31798254 -24.83980816 -10.79362881   3.28164153]
 [ 62.45557512   0.39950537  50.05033708  -3.26080995  34.36730442
   -9.79402702  19.41709531 -17.41647228   3.1628972  -24.0397693
  -10.44536836 -24.5442345  -10.84477479   3.3708598 ]
 [ 62.44789905   0.32787999  50.32922687  -3.12558508  34.78182707
   -9.97116044  19.44385968 -17.95335367   3.11307865 -24.0266182
  -10.48954778 -23.96750278 -10.87183957   3.16517825]
 [ 62.50090955   0.46152517  50.52710474  -2.747744    34.96172402
   -9.14593829  20.16812859 -16.4625285    2.96475765 -23.62818266
  -10.64716558 -23.68341846 -10.85859356   3.215943  ]
 [ 62.50551611   0.38067135  50.70172495  -2.86408129  35.21198209
   -9.32450175  19.9793505  -16.4238126    2.94454213 -23.48734404
  -10.74396576 -23.09134046 -10.90828278   3.14177039]
 [ 62.59777274   0.52177886  50.66498109  -2.5740205   35.06831945
   -8.22167504  20.52614771 -14.61505713   2.64684351 -22.85832997
  -10.93097476 -22.760328   -10.85827975   3.21111392]
 [ 62.66488182   0.50541684  50.40337906  -2.76990125  34.82427287
   -8.02593051  19.85110461 -13.25716066   2.6355663  -22.56229571
  -10.96640982 -22.4704     -10.89655086   3.28454545]
 [ 62.75306429   0.69359726  49.98462183  -2.40560783  34.28271464
   -6.68643038  20.01017845 -10.78434786   2.28127213 -21.80212723
  -11.15196896 -21.61411283 -10.82660086   3.23251439]
 [ 62.84092101   0.7139312   49.30704269  -2.39570764  33.64480112
   -6.2444894   19.09119868  -9.2025675    2.31135831 -21.45715873
  -11.16307187 -21.35065447 -10.78901504   3.31964701]
 [ 62.99815878   0.93095418  48.58822862  -2.00114388  32.76397534
   -5.10361299  18.96044217  -7.1572034    2.06845315 -20.89551196
  -11.16879876 -20.73382441 -10.67600328   3.29282625]
 [ 63.08656281   1.02421279  47.70171591  -2.04041726  31.92053279
   -4.80574747  17.99513178  -6.39644054   2.02165278 -20.58011456
  -11.17613024 -20.56156176 -10.72384318   3.47032032]
 [ 63.26072414   1.25740805  46.84128182  -1.78530116  31.02512561
   -4.28076543  17.50429655  -6.33271533   1.83891038 -20.26252924
  -11.01159065 -20.69229191 -10.46917675   3.41830343]
 [ 63.35547853   1.34123069  46.13124655  -1.79131344  30.282566
   -4.35137446  16.57065772  -6.77011541   1.77066103 -20.05586724
  -11.20846936 -20.60590045 -10.57280947   3.546049  ]
 [ 63.50674107   1.5447364   45.70897406  -1.53171009  29.71023256
   -3.77475517  16.01717374  -7.18076792   1.72778145 -19.94700257
  -10.94337358 -21.03726767 -10.31670564   3.5499151 ]
 [ 63.56322976   1.61499905  45.38467152  -1.33746957  29.36175611
   -3.75299301  15.28725348  -7.51923516   1.68897224 -19.80130641
  -11.1548487  -21.05986034 -10.45001775   3.63739579]
 [ 63.65756605   1.71638172  45.25563449  -1.07032433  28.99472461
   -3.30682634  14.69770981  -8.24569417   1.73454924 -19.82683609
  -10.82956166 -21.54332071 -10.25721084   3.72879725]
 [ 63.6797084    1.7534689   45.03303835  -0.95991236  28.84766847
   -3.31036777  14.43921996  -8.62388805   1.71954249 -19.7365039
  -11.05123965 -21.43962803 -10.31137314   3.69341623]
 [ 63.68843833   1.73697001  45.07451844  -0.7100451   28.59244622
   -2.90976222  14.07923705  -9.50420498   1.77568701 -19.88388531
  -10.70856835 -22.02381246 -10.20048208   3.81004172]
 [ 63.67579014   1.72313918  45.03008282  -0.67072448  28.59398364
   -2.91260572  14.27940246  -9.63886954   1.77970602 -19.85358734
  -10.87353433 -22.00477085 -10.25783732   3.76276815]
 [ 63.64311197   1.62975608  45.07009597  -0.24193559  28.33323306
   -2.48147201  14.18833552 -10.58512542   1.85147224 -20.10079299
  -10.50775092 -22.59708435 -10.12969035   3.8757579 ]
 [ 63.64174936   1.65167787  44.99400486  -0.30237133  28.36422758
   -2.63061714  14.45017639 -10.6439396    1.90790454 -20.12939764
  -10.70485676 -22.64690712 -10.18159642   3.83269763]
 [ 63.59559849   1.56433817  45.09186255   0.14920627  28.16385615
   -2.30221587  14.35772193 -11.62703847   1.99855072 -20.35032354
  -10.31467949 -23.04419993 -10.06229616   3.95273253]
 [ 63.6035094    1.60978331  45.00549942  -0.12848916  28.24926023
   -2.6646581   14.64559895 -11.26430528   2.04521681 -20.45996593
  -10.49595039 -23.08249977 -10.11971263   3.86053524]
 [ 63.61691876   1.54353361  44.97204442   0.4192217   27.86675615
   -2.48796758  14.14487589 -12.38719744   2.04717864 -20.46993943
  -10.27303876 -23.04112291  -9.99280398   3.92619232]
 [ 63.58606835   1.57718555  44.88780416   0.15491646  27.92654112
   -2.76163938  14.40213767 -12.1329408    2.05069878 -20.47827226
  -10.41970441 -23.06379927 -10.06063083   3.91467679]
 [ 63.61703401   1.59296248  44.70595866   0.44012464  27.55769871
   -2.80124848  13.84017406 -12.35143324   2.034706   -20.34791326
  -10.30404204 -22.7093194   -9.98548363   3.98425837]
 [ 63.60406767   1.623675    44.6679457    0.40106729  27.51842086
   -2.95474198  13.88021707 -11.99283781   2.01379789 -20.25242893
  -10.38077086 -22.53198879  -9.984015     3.90823823]
 [ 63.60414125   1.58455127  44.54674818   0.06743118  27.4259272
   -3.46103485  13.37392065 -11.61156272   1.97112626 -20.09585872
  -10.40519923 -22.07282793  -9.95376392   4.00635328]
 [ 63.59203233   1.61621776  44.53767153  -0.09955599  27.44629029
   -3.69986421  13.27139507 -11.17666812   1.96948011 -20.02143923
  -10.429397   -21.83838126  -9.97011806   3.99467013]
 [ 63.62269126   1.61966927  44.51225019  -0.52139603  27.46891096
   -4.24902125  12.86393596 -10.22373126   1.88475594 -19.77933334
  -10.45371699 -21.43986869  -9.94429345   4.0636541 ]
 [ 63.5873706    1.65249554  44.28504949  -0.68689001  27.27473603
   -4.52651832  12.59524116  -9.92487649   1.8473475  -19.71401753
  -10.5528837  -21.1660813   -9.96204271   3.99874929]
 [ 63.66946634   1.71371541  44.24069148  -1.01279008  27.2443654
   -5.05123011  12.32358822  -9.25082091   1.79462876 -19.56087028
  -10.55675662 -20.97230966  -9.92434728   4.15351234]
 [ 63.66548658   1.74216033  44.0897707   -1.36355964  27.09844619
   -5.46327865  12.18705672  -9.0981437    1.73605157 -19.49304106
  -10.70146755 -20.64211572  -9.97254496   4.0701499 ]
 [ 63.7453321    1.83371653  44.13395762  -1.60282292  27.1724972
   -5.88015018  12.14725006  -8.87737908   1.6856586  -19.41148743
  -10.70221674 -20.53173572  -9.95016913   4.24821219]
 [ 63.74799646   1.85960249  44.11380468  -1.89480414  27.18607556
   -6.15878681  12.19636751  -8.77861554   1.68727826 -19.36875546
  -10.75497681 -20.38199048  -9.97865624   4.16014806]
 [ 63.79971968   1.92053082  44.10413937  -2.04628662  27.18314974
   -6.42518432  12.14808438  -8.59663869   1.65443052 -19.32081859
  -10.76269708 -20.28494181  -9.9247417    4.2859844 ]
 [ 63.77398172   1.93276855  44.1133995   -2.25909875  27.24367972
   -6.55550686  12.27013164  -8.48248245   1.66768953 -19.28603677
  -10.79348564 -20.20019561  -9.97317372   4.21089284]
 [ 63.8004087    1.95247056  44.06527044  -2.37165336  27.16659414
   -6.71333807  12.20462504  -8.33821519   1.63981584 -19.25229679
  -10.82717307 -20.09786085  -9.9404896    4.30978705]
 [ 63.77403423   1.94649843  44.09716496  -2.56101741  27.27191474
   -6.77446711  12.34155215  -8.20776669   1.65975441 -19.22373467
  -10.83671737 -20.03918513  -9.98378296   4.25359616]
 [ 63.77573619   1.95532525  44.03730084  -2.65073863  27.17506184
   -6.90640906  12.28167154  -8.15322566   1.64859789 -19.20315012
  -10.87522739 -19.94368198  -9.97037322   4.31608822]
 [ 63.78211357   1.95094797  44.10743935  -2.84232961  27.31287382
   -6.92538291  12.41246643  -8.06426463   1.67599509 -19.1908818
  -10.8944771  -19.8884881   -9.99811101   4.24055216]
 [ 63.76801113   1.94432926  44.03681056  -2.92283423  27.21700465
   -7.02046478  12.37205027  -8.02049771   1.67912893 -19.19070214
  -10.90287632 -19.82959183  -9.97645431   4.26207116]
 [ 63.76528704   1.93620795  44.09928334  -3.07954058  27.34192742
   -6.99309566  12.47603826  -7.93157696   1.69162282 -19.1727878
  -10.93148393 -19.74364988 -10.01027649   4.1800992 ]
 [ 63.7453511    1.9044022   44.03751746  -3.13375059  27.25189022
   -7.06533905  12.4661232   -7.88175752   1.68223895 -19.17500312
  -10.9198808  -19.68293402  -9.98297841   4.22078694]
 [ 63.73939225   1.91936224  44.09449741  -3.26491777  27.37480401
   -7.03925563  12.52881214  -7.80691134   1.70865152 -19.15263138
  -10.92468647 -19.61141422 -10.01447517   4.13863393]
 [ 63.71455153   1.8528477   44.0257814   -3.31164369  27.25456209
   -7.12867508  12.48232218  -7.79015743   1.69615291 -19.15302386
  -10.90247162 -19.56993009  -9.98647651   4.19646039]
 [ 63.68023265   1.86073999  44.07770492  -3.42796538  27.38287305
   -7.15505164  12.54741622  -7.81120034   1.71533019 -19.13503491
  -10.91286529 -19.56761029 -10.0534537    4.15454709]
 [ 63.67128886   1.81492268  43.99469658  -3.45837095  27.2271296
   -7.28134449  12.50275774  -7.82892498   1.7191262  -19.13412056
  -10.87028783 -19.55440405  -9.98283254   4.19244733]
 [ 63.66995945   1.83809196  44.09355598  -3.6007149   27.39246825
   -7.36973522  12.55435089  -7.91422058   1.73283948 -19.11438773
  -10.89926463 -19.58878807 -10.06768348   4.18571783]
 [ 63.67474298   1.83107097  44.02243146  -3.58971101  27.22836602
   -7.46952282  12.49809157  -7.8784721    1.73340198 -19.10749488
  -10.85360913 -19.59591968 -10.01459642   4.23274023]
 [ 63.72140892   1.89253174  44.15770526  -3.74929802  27.44292452
   -7.61376286  12.53409568  -7.95080489   1.76879437 -19.08935225
  -10.87808856 -19.62103403 -10.05797723   4.19440927]
 [ 63.71792641   1.87775398  44.05854955  -3.75029396  27.24587449
   -7.7100244   12.46446106  -7.95628863   1.72402898 -19.07981226
  -10.86445177 -19.61619094 -10.02719737   4.23008888]
 [ 63.74858089   1.91812183  44.22853656  -3.88396046  27.47699899
   -7.85305639  12.4745177   -8.05663496   1.73585394 -19.04976066
  -10.90142813 -19.65951758 -10.08599313   4.21146379]
 [ 63.7393293    1.88758364  44.13213376  -3.8922424   27.28093065
   -7.94177563  12.37680942  -8.10234966   1.73161742 -19.09102094
  -10.87673706 -19.70708105 -10.05801728   4.2306    ]
 [ 63.7412476    1.90442537  44.29779022  -3.92666568  27.51149969
   -7.9452894   12.35083546  -8.21766425   1.74317728 -19.07533619
  -10.91656379 -19.74503786 -10.11499491   4.15038043]
 [ 63.69939442   1.80730852  44.16330817  -3.95316441  27.30298067
   -8.00273341  12.27858849  -8.31592725   1.73915668 -19.15370536
  -10.95006422 -19.70368758 -10.08010864   4.0931152 ]
 [ 63.70725894   1.82230807  44.3399508   -3.84837928  27.52450205
   -7.80451874  12.20630576  -8.4483917    1.77674544 -19.16308288
  -10.93904807 -19.67513436 -10.14149887   3.97633137]
 [ 63.66585026   1.72890009  44.18459634  -3.9768709   27.35079399
   -7.8768614   12.01200443  -8.69726866   1.79309306 -19.31984549
  -10.87338387 -19.42024484  -9.97937782   3.74120508]
 [ 63.66372022   1.71833716  44.54944711  -3.70402778  27.73313644
   -7.48933783  12.16791997  -8.94867955   1.87689132 -19.35554013
  -10.81351793 -19.4197957  -10.08219249   3.64640353]
 [ 63.59925303   1.61795474  44.28560408  -4.03068337  27.41184207
   -7.71761228  11.9735123   -9.5497023    1.86493148 -19.59666328
  -10.71234361 -19.41818474  -9.95288979   3.50504135]
 [ 63.58534726   1.62472791  44.8452635   -3.63439938  27.9664386
   -7.30111479  12.47848298  -9.81862802   1.96561268 -19.70156919
  -10.68678864 -19.75210417 -10.04511279   3.4881868 ]
 [ 63.52450715   1.5152961   44.56059926  -4.15342242  27.67323482
   -7.7945418   12.3488515  -10.42714182   1.93818932 -20.00329544
  -10.61354997 -20.14902909 -10.02406128   3.51115182]
 [ 63.47333811   1.49041181  45.05046553  -3.90654184  28.17041717
   -7.49988513  12.77085894 -11.01612891   2.0371688  -20.2211551
  -10.5992214  -20.73343022 -10.11065068   3.42829787]
 [ 63.41810607   1.42878182  44.80211316  -3.79552106  27.8949166
   -7.90748453  12.75432624 -12.15633977   2.05533423 -20.70133692
  -10.45783202 -21.44446639 -10.0889563    3.50550413]
 [ 63.4173304    1.44496183  45.30347207  -3.72153413  28.47978268
   -7.69703302  13.14540014 -12.57347745   2.21700593 -20.85782784
  -10.42087947 -21.81741517 -10.14327862   3.21756979]
 [ 63.36950817   1.35955759  45.3617819   -3.51921635  28.63390772
   -8.02300485  13.6871681  -13.70911145   2.18134698 -21.22031096
  -10.42633937 -22.08644844 -10.11714665   3.21519085]
 [ 63.34160989   1.35263467  45.83275178  -2.9576827   29.10057479
   -7.35701979  14.06628315 -13.52871722   2.32619479 -21.30074392
  -10.29628988 -22.37733111 -10.14265243   2.98105633]
 [ 63.36237845   1.31958569  46.01453239  -2.75401234  29.39150358
   -7.44027593  14.58505271 -14.05430093   2.23278939 -21.36484314
  -10.48681231 -21.86531737 -10.16445887   2.90290145]
 [ 63.349302     1.32143497  46.62423533  -1.73242856  29.86696282
   -6.41199871  15.28778306 -13.55529529   2.3373071  -21.35109776
  -10.29985478 -21.66754483 -10.0854616    2.4846619 ]
 [ 63.38331296   1.30002024  46.64591052  -1.73972822  30.08035629
   -6.2584094   15.41530548 -12.71604999   2.13226102 -21.16940399
  -10.54117703 -20.57087861 -10.07951224   2.40542872]
 [ 63.4226927    1.36314222  47.1209088   -1.16388143  30.42064394
   -5.43940045  16.01048218 -11.94102303   2.23250297 -21.10394946
  -10.36066275 -19.99963592 -10.0409627    2.08828995]
 [ 63.48215852   1.41216806  47.12480833  -1.29623462  30.61157201
   -5.3740766   16.03457125 -11.2171366    2.06304328 -20.91189992
  -10.59781355 -19.28989966 -10.12358339   2.22495626]
 [ 63.5508572    1.49791508  47.29624621  -1.24176588  30.63534566
   -4.90217554  16.36626904 -10.48992212   2.13500162 -20.86980134
  -10.55405352 -19.42883    -10.10900968   2.16238445]
 [ 63.58793381   1.55779088  47.15675367  -1.317943    30.68026081
   -4.70169043  16.10192591  -9.84554198   1.99020485 -20.64691368
  -10.67958976 -18.66874984 -10.08982291   2.2591628 ]
 [ 63.61540553   1.59178166  47.23728096  -1.47609959  30.58765574
   -4.40400271  16.41943004  -8.81906717   2.00070031 -20.58893753
  -10.69751588 -19.37488231 -10.12659104   2.38096196]
 [ 63.60429403   1.5807962   46.8247755   -1.46724714  30.36865287
   -4.07772499  15.86550416  -8.1627464    1.86725392 -20.41612773
  -10.75279695 -18.84362549 -10.02839591   2.43944422]
 [ 63.55072125   1.59813693  46.59261441  -1.74066658  30.11773649
   -4.07302218  16.12500886  -7.20093375   1.83663825 -20.35459564
  -10.79547673 -19.39290918 -10.06986021   2.54675226]
 [ 63.58928796   1.62103085  45.97443127  -1.64681326  29.62943686
   -3.83101909  15.56135467  -6.8852568    1.80065103 -20.20830503
  -10.60714282 -19.519575    -9.89563506   2.69201341]
 [ 63.59144687   1.70517178  45.57631535  -2.03467508  29.34200964
   -4.15627386  15.72019715  -7.33063682   1.79319854 -20.22249044
  -10.64611761 -19.98809892  -9.95456111   2.77666505]
 [ 63.63308114   1.68630493  45.10768971  -1.82627878  28.85115836
   -3.91371363  15.11469065  -7.09342115   1.78750902 -20.10161381
  -10.44212408 -20.57197413  -9.76230129   3.05221468]
 [ 63.60975131   1.76342466  44.83584837  -2.19287491  28.64084394
   -4.33950521  15.09759734  -7.57759865   1.78605935 -20.16496448
  -10.53872226 -20.99294855  -9.8029006    3.0850141 ]
 [ 63.64769909   1.76078152  44.68496268  -1.92636789  28.35420237
   -4.11081063  14.38145117  -7.61604293   1.79467526 -20.13473831
  -10.29089469 -21.82088512  -9.64614769   3.35114523]
 [ 63.60860906   1.78663553  44.64166865  -2.22899043  28.36572701
   -4.60068168  14.2666857   -8.46739503   1.77943739 -20.31351212
  -10.37214833 -22.20270321  -9.69464743   3.30346931]
 [ 63.63363486   1.80717058  44.56715451  -2.03284774  28.07200824
   -4.60623821  13.45256991  -8.92280921   1.78978525 -20.35003748
  -10.14475096 -23.26353254  -9.56442061   3.60438372]
 [ 63.54449598   1.67553613  44.58303102  -2.30740424  28.19083274
   -5.14358571  13.55392018  -9.78830257   1.79323376 -20.69920538
  -10.16415123 -23.77551392  -9.6179376    3.50257783]
 [ 63.46182453   1.59947605  44.84852734  -2.2224021   28.33445611
   -5.27855077  13.71827355 -10.65724877   1.96832333 -21.14066393
   -9.76926145 -25.40256346  -9.46747124   3.84283267]
 [ 63.38341202   1.53625264  44.99371117  -2.47471435  28.58837358
   -6.00418366  14.04236096 -11.81146166   2.15494988 -21.73307169
   -9.67573731 -25.98970853  -9.52253436   3.75796753]
 [ 63.29183463   1.40613609  45.32975632  -2.5289788   28.83280822
   -6.28932484  14.51672195 -13.12204645   2.4431901  -22.44089098
   -9.14567513 -27.63107238  -9.38652824   4.01576966]
 [ 63.1906163    1.3614995   45.5687347   -2.64585381  29.10027456
   -6.73573952  14.67802211 -13.76028638   2.59983016 -22.88005865
   -9.01538164 -27.96536167  -9.50043064   4.02349713]
 [ 63.16909573   1.25306221  45.97302808  -2.65542384  29.52689378
   -6.95811817  15.33651118 -15.01785966   2.80346245 -23.46792932
   -8.68033293 -29.16009682  -9.34983644   4.10016706]
 [ 63.05183518   1.19859689  46.07143859  -2.53664205  29.57082721
   -6.85171611  15.40296514 -14.51641213   2.86992352 -23.57410067
   -8.6632143  -29.12452042  -9.51046182   4.18366985]
 [ 63.10752305   1.1701925   46.37342994  -2.35325587  29.9237516
   -6.76753308  16.14463934 -15.36649134   2.95965437 -23.89044728
   -8.36375834 -29.72100621  -9.35697546   4.12522162]
 [ 62.99206124   1.07277794  46.27765329  -1.85748547  29.72413297
   -6.00187191  15.85399544 -13.87853538   2.86268389 -23.60325927
   -8.4627282  -29.30510783  -9.47119899   4.16911447]
 [ 63.09965031   1.09448392  46.24068845  -1.25084539  29.58701877
   -5.48050566  16.18631868 -14.51693422   2.80940124 -23.55707277
   -8.41090474 -29.17827378  -9.33202917   4.04087408]
 [ 62.99287362   1.03042513  46.05879858  -0.33860761  29.33696514
   -4.18081646  15.94617508 -12.48091061   2.67202239 -23.06372547
   -8.47548126 -28.56159779  -9.45033949   4.0866575 ]
 [ 63.15121833   1.15912402  45.91898788   0.33491835  29.03692902
   -3.52845283  15.79152344 -12.53365383   2.66575526 -22.94699288
   -8.49012638 -28.28524481  -9.29827198   3.97563878]
 [ 63.07776671   1.13902283  46.0310416    1.14549517  28.99812169
   -2.22777463  15.56380972 -10.81802704   2.59583814 -22.5224276
   -8.49375994 -27.90896713  -9.38163927   3.97087434]
 [ 63.22768076   1.2567955   45.36989796   1.84220987  28.16149972
   -1.79823487  14.7114244  -11.65963857   2.60333731 -22.48509851
   -8.47406513 -27.97033738  -9.26449223   3.92242915]
 [ 63.14413122   1.17662723  45.55637469   2.53544052  28.11533371
   -0.79217332  14.75185406 -10.94491927   2.53026452 -22.15409036
   -8.51851493 -27.52404969  -9.43309219   3.88707676]
 [ 63.28318493   1.29582279  45.05011502   3.19366513  27.42904563
   -0.31898878  14.04182402 -11.50753439   2.59938346 -22.14459788
   -8.47310836 -27.57854596  -9.35365299   3.88302138]
 [ 63.18361919   1.22025912  45.19617025   3.66750896  27.41347735
    0.35771943  14.20141934 -11.0493419    2.53435755 -21.88762392
   -8.53073256 -27.02544275  -9.57387706   3.83343099]
 [ 63.26096399   1.2708717   44.69903181   4.12106236  26.80801898
    0.63071216  13.59356068 -11.49285159   2.54020704 -21.85200455
   -8.62684134 -27.12769797  -9.49537501   3.83061564]
 [ 63.12720753   1.08701661  44.96274813   4.20893453  26.99175233
    1.00047038  13.81900633 -10.67807867   2.44347546 -21.58128227
   -8.82269283 -26.30578973  -9.65713389   3.63898076]
 [ 63.14053291   1.07387214  44.69380018   4.38620383  26.79122536
    0.88006765  13.36023873 -11.07066961   2.39439209 -21.49032456
   -8.96415379 -25.88030166  -9.58495723   3.50038113]
 [ 63.03437156   0.92708441  45.03071763   4.1384079   27.14559906
    1.04909591  13.68932734  -9.72830997   2.34983773 -21.23215878
   -9.22873424 -24.9619301   -9.74847932   3.34384633]
 [ 62.99829953   0.86348172  44.7992827    3.82084962  27.02301587
    0.51221637  13.15139009  -9.92622117   2.29510513 -21.18906724
   -9.34703958 -24.32085157  -9.68146272   3.13180367]
 [ 62.82942667   0.65589177  44.99601952   3.26024133  27.32254312
    0.45109191  13.44259895  -8.33674531   2.24497858 -20.9207589
   -9.53914395 -23.44958499  -9.8854804    3.03079721]
 [ 62.81386586   0.65482146  44.61297449   2.71505346  27.12859645
   -0.32742003  12.99385685  -9.12128998   2.12879267 -20.87164821
   -9.73996218 -22.64373526  -9.84388847   2.87525812]
 [ 62.69683641   0.49507057  44.93923214   2.38831039  27.38858953
   -0.38217294  13.38214694  -8.17500272   2.22633888 -20.73611945
   -9.7707378  -22.32113845  -9.92009405   2.81693714]
 [ 62.71583945   0.54070648  44.56093044   1.97569419  27.07878291
   -1.16218874  12.85097479  -9.37912723   2.05010385 -20.67747555
  -10.02697382 -21.5068291   -9.91819421   2.75863137]
 [ 62.60125282   0.36757246  44.81744416   1.66031198  27.30902906
   -1.28518033  13.2023619   -8.59803919   2.17052471 -20.56692144
  -10.06093411 -21.32334961  -9.98997872   2.69477024]
 [ 62.66045835   0.49571761  44.4691771    1.4446086   26.99795344
   -1.87000399  12.66685979  -9.62845229   2.0364701  -20.50454847
  -10.27809566 -20.6592326  -10.02240364   2.66081863]
 [ 62.5727727    0.39107402  44.69740958   1.13269328  27.21182248
   -2.1210421   13.02461974  -9.08888815   2.14391026 -20.42112988
  -10.26957919 -20.58062299 -10.07033931   2.55565957]
 [ 62.68657273   0.59582558  44.34849971   1.01479726  26.88662757
   -2.58961505  12.45484423 -10.13676249   2.04151495 -20.3693044
  -10.37980579 -20.01986313 -10.10792784   2.53734509]
 [ 62.63137052   0.52816009  44.69452872   0.66692201  27.21531123
   -2.95772869  12.93448994  -9.68015741   2.16009421 -20.29905417
  -10.34548474 -20.08424694 -10.1442395    2.46064785]
 [ 62.79786337   0.75926718  44.41918557   0.57588086  27.00555249
   -3.41958168  12.43078476 -10.75559286   2.15357238 -20.33725533
  -10.3610785  -19.73694839 -10.18973917   2.38521347]
 [ 62.76400659   0.75225487  44.83036987   0.17566415  27.4371045
   -3.93509933  12.93304946 -10.60935797   2.29121439 -20.33938713
  -10.28502146 -19.96841645 -10.27360249   2.3742772 ]
 [ 62.99837554   1.03080625  44.731594     0.14414561  27.42080139
   -4.34296547  12.62061077 -11.42443838   2.38548937 -20.48349944
  -10.29147372 -19.78385734 -10.22897822   2.30739274]
 [ 63.00315412   1.05290231  45.14554227  -0.34803568  27.89883455
   -5.08850462  13.17193303 -11.55577054   2.48357849 -20.54661759
  -10.18077238 -20.22742915 -10.3275827    2.28928738]
 [ 63.22790468   1.26902949  45.41744299  -0.29358251  28.2884398
   -5.48921472  13.32017397 -12.97213459   2.65023522 -20.86530344
  -10.17494531 -20.16713377 -10.29696923   2.19342725]
 [ 63.24877832   1.2088877   45.94151809  -0.91449752  28.92172486
   -6.36409634  13.79886374 -12.36782292   2.6376603  -20.92043536
  -10.10070699 -20.56418284 -10.34629796   2.14611435]
 [ 63.28515092   1.28302741  46.42247972  -0.67556428  29.6051406
   -6.73239149  14.38778064 -13.97083898   2.8991329  -21.41628631
  -10.08130656 -20.74360738 -10.35214801   2.09495466]
 [ 63.23674327   1.1593672   46.86040665  -1.38657046  30.09798686
   -7.51203154  14.87020481 -13.48099832   2.88508402 -21.56087836
   -9.94130283 -21.30043828 -10.34925961   2.00556971]
 [ 63.28618915   1.21499771  47.24940087  -1.23537941  30.73976007
   -8.07158679  15.36378749 -15.19647793   3.23017381 -22.21263016
   -9.86853335 -21.90252825 -10.39481131   2.10503201]
 [ 63.16686827   1.0405404   47.74886623  -1.87915234  31.28539121
   -8.69955536  15.85804821 -14.76169943   3.29118693 -22.46859964
   -9.72660962 -22.5747868  -10.35460585   2.04823553]
 [ 63.22588266   1.10131089  47.99940005  -1.91122065  31.7585712
   -9.32408495  16.14152132 -16.54502529   3.5956341  -23.13715942
   -9.52920441 -23.30659197 -10.42859884   2.13301601]
 [ 63.07209473   0.95809445  48.42690095  -2.32959578  32.15471535
   -9.65184487  16.69905106 -16.11199173   3.64285567 -23.30989595
   -9.53278756 -23.7686121  -10.47696724   2.26313543]
 [ 63.07818075   0.92566553  48.6472369   -2.5070669   32.52542034
  -10.11202175  16.77168999 -17.40951162   3.77449034 -23.73506738
   -9.42936623 -24.00284546 -10.55130069   2.16117787]
 [ 62.94410197   0.8000096   49.02452661  -2.87843468  32.8166949
  -10.09458198  17.17458641 -16.8250563    3.72780048 -23.72990972
   -9.57450024 -24.25840787 -10.64263573   2.30818671]
 [ 62.99284813   0.79256838  49.09375408  -2.56003748  32.96406338
  -10.0212797   17.21438828 -17.83451496   3.73860006 -23.87174474
   -9.6123828  -24.1099773  -10.70535315   2.12750079]
 [ 62.91115647   0.73423987  49.48086387  -2.74441067  33.22793901
   -9.83669289  17.61761767 -17.40157104   3.69300464 -23.81232485
   -9.7969271  -23.88712583 -10.71337093   2.0188121 ]
 [ 62.98152258   0.79368187  49.33592781  -2.10370984  33.09203758
   -9.28025155  17.59075051 -17.63167347   3.5622501  -23.63132591
   -9.88410199 -23.15471406 -10.78324939   1.96744814]
 [ 63.0069978    0.80458879  49.66616018  -1.99423748  33.26983798
   -8.5694737   17.78927446 -16.82760053   3.42964431 -23.31944102
  -10.09651374 -22.2663418  -10.78690477   1.7661681 ]
 [ 63.11734805   0.91685244  49.44230617  -1.45049449  32.90501107
   -7.92299044  17.49640614 -15.9761443    3.22043712 -22.96734036
  -10.12740538 -21.24275593 -10.71826699   1.606861  ]
 [ 63.11008746   0.96144223  49.5385746   -1.33510613  32.90770786
   -7.0034771   17.53411946 -14.53245556   3.0284457  -22.55265217
  -10.44589426 -20.15054092 -10.75537963   1.51577079]
 [ 63.26798607   1.1592543   49.12732952  -0.85848305  32.45365812
   -6.3351397   17.16970867 -13.33259917   2.88490812 -22.16210451
  -10.36146724 -19.56095789 -10.67954902   1.5192805 ]
 [ 63.24352589   1.15941572  48.72593716  -1.01384688  32.08106811
   -5.614909    16.92633037 -12.02579228   2.69554092 -21.86739493
  -10.66293646 -19.38377587 -10.71822653   1.5958952 ]
 [ 63.37039608   1.30558462  48.39680241  -0.64294119  31.7260549
   -5.21403052  16.44839131 -11.34338231   2.61000121 -21.65032406
  -10.58594964 -19.24606981 -10.64562096   1.60155845]
 [ 63.31605255   1.22319611  48.1460156   -0.60670066  31.44711065
   -4.51557252  16.40387697 -10.55047094   2.52645549 -21.52734402
  -10.59356694 -19.65732526 -10.61481594   1.72105436]
 [ 63.40222972   1.34459608  47.75656676  -0.42686504  31.09397887
   -4.18550122  15.8932171   -9.59349507   2.46041574 -21.36161547
  -10.56065975 -19.88335361 -10.57433904   1.77407598]
 [ 63.35294126   1.33128307  47.77061551  -0.00911936  31.103223
   -3.6078957   16.21752456  -8.82678968   2.47712547 -21.39538632
  -10.35807565 -20.54795776 -10.46904953   1.91665002]
 [ 63.42998323   1.41204734  47.25626816  -0.14902463  30.67503909
   -3.60061876  15.68989103  -8.55398162   2.4382808  -21.27851391
  -10.46931461 -20.76747306 -10.47764597   2.18949189]
 [ 63.3920101    1.37661119  47.23723628   0.10498349  30.72790728
   -3.27317144  16.00210439  -8.04742408   2.49697329 -21.25001137
  -10.28091863 -21.27518009 -10.32337771   2.38341465]
 [ 63.42007006   1.3841218   46.98901779   0.14864918  30.41445439
   -3.0638322   15.69470904  -7.73762935   2.51132969 -21.18894333
  -10.25500106 -21.48463304 -10.35003591   2.70531577]
 [ 63.44282059   1.445485    47.01437516  -0.15200482  30.65537952
   -3.30188666  15.99412517  -7.27148694   2.54939033 -21.17685386
  -10.19276095 -21.67491707 -10.27084304   2.80779082]
 [ 63.43806775   1.39091272  46.83349247  -0.09333985  30.32407949
   -3.25521388  15.71857843  -6.8952416    2.60982907 -21.2838089
  -10.02387757 -22.10791808 -10.33163497   3.16720273]
 [ 63.43253856   1.42966137  46.86964599  -0.62838488  30.5279663
   -3.69971322  15.90229626  -6.94357685   2.6428307  -21.3146883
   -9.98379868 -22.25386191 -10.17603441   3.18331134]
 [ 63.40031225   1.36853667  46.65036105  -0.84203108  30.10193927
   -3.98991594  15.58431066  -6.92986603   2.74165025 -21.58235539
   -9.64370784 -23.3177246  -10.25060684   3.53273832]
 [ 63.32052369   1.30994428  46.78301589  -1.1968395   30.4091704
   -4.48932486  15.75219257  -7.57387241   2.67737555 -21.70827822
   -9.74064689 -23.33304757 -10.113262     3.43163765]
 [ 63.30570858   1.27320516  47.20607802  -1.37323898  30.66402532
   -4.83561675  16.04690687  -7.86246383   2.96977349 -22.18205622
   -9.25499792 -24.76233998 -10.13232015   3.73576766]
 [ 63.2018422    1.18466661  47.12693819  -1.5333885   30.74380631
   -5.14827805  16.06146086  -8.18736102   2.84335516 -22.34734343
   -9.36957044 -24.72754796 -10.04133491   3.62779103]
 [ 63.21675274   1.20174114  47.47642736  -1.61375936  30.93679981
   -5.48823891  16.26347031  -8.99637322   3.0597726  -22.82833564
   -9.03918618 -26.03469511 -10.00810215   3.85938742]
 [ 63.09322867   1.06337303  47.49252429  -1.86975046  31.17934011
   -5.92559914  16.3461216   -9.9764438    2.92653937 -23.00837485
   -9.10107099 -25.8236391   -9.94924809   3.75806678]
 [ 63.08518799   1.06791031  47.6390131   -1.83632486  31.16184419
   -6.05688765  16.53439069 -10.84160531   3.06081093 -23.30645475
   -8.89296788 -26.66282444  -9.97519796   3.86313489]
 [ 62.96465154   0.94790991  47.86018535  -1.97594063  31.63907158
   -6.42645528  16.99819563 -11.67408722   2.98235721 -23.56596201
   -8.97118871 -26.83731931  -9.95461676   3.83746094]
 [ 62.98928839   0.92867102  47.7955975   -1.85792501  31.39257727
   -6.36476666  16.86301361 -12.34144122   3.08784558 -23.6945121
   -8.81068355 -27.12568421  -9.96584202   3.87919099]
 [ 62.82632771   0.77424854  48.22733958  -2.16068243  32.0472418
   -6.87250683  17.61605115 -12.77930578   3.01372008 -23.90416961
   -8.85861793 -27.14057845  -9.91997079   3.79492809]
 [ 62.91266088   0.81069218  48.08573409  -1.5981016   31.79809955
   -6.34786772  17.2904824  -12.79387819   3.05330471 -23.76313869
   -8.88355505 -27.07140438  -9.97322636   3.86767004]
 [ 62.71276248   0.63077817  48.45382655  -2.16252129  32.38225491
   -7.12405162  18.11258584 -13.33132073   3.06455168 -23.99286252
   -8.87719731 -26.94036344  -9.91236069   3.78868486]
 [ 62.78976826   0.66113583  48.606758    -1.64708876  32.43266172
   -6.45556382  17.86217293 -12.72697807   2.93529229 -23.63460487
   -9.1254167  -26.504463   -10.05082024   3.81072731]
 [ 62.6230101    0.50654855  48.8346395   -2.24039148  32.81514643
   -7.03925815  18.59380594 -12.52226554   2.89972339 -23.69618579
   -9.16757911 -25.9429796   -9.94820008   3.71371539]
 [ 62.7070122    0.59203009  49.10763704  -1.69754169  33.07279397
   -6.19090137  18.67852863 -11.14181556   2.68691727 -23.19674222
   -9.40796948 -25.39161519 -10.1579732    3.7294736 ]
 [ 62.64694097   0.52725123  49.15218253  -2.19869613  33.25925502
   -6.55221297  19.28895498 -10.98273761   2.66720994 -23.16188586
   -9.57171004 -24.64350604 -10.0257479    3.57326902]
 [ 62.71464142   0.57825423  49.55583638  -1.99375636  33.6082415
   -5.92835744  19.22489096 -10.01183298   2.45113065 -22.62704109
   -9.71775016 -24.03011849 -10.13752087   3.60338876]
 [ 62.73929564   0.64269223  49.38250698  -2.46408942  33.62077848
   -5.99948021  19.53362893  -9.17689729   2.40385872 -22.47482576
   -9.92364016 -23.16743837 -10.04095675   3.41184759]
 [ 62.80205879   0.66095209  49.63344663  -2.45052634  33.82990547
   -5.59355556  19.41447347  -8.46458875   2.22640681 -21.98346851
   -9.9632075  -22.69486323 -10.13255009   3.46698406]
 [ 62.87274128   0.78705059  49.21656258  -2.52628656  33.47946597
   -5.34010197  19.26576182  -7.26502623   2.16584588 -21.74059099
  -10.24097468 -22.16992072 -10.0523435    3.31485868]
 [ 62.91885183   0.7930125   48.84643346  -2.37014997  33.10200866
   -4.9534663   18.82059075  -6.51406038   2.02852106 -21.27885603
  -10.23622121 -21.88928211 -10.08909537   3.40579378]
 [ 63.02783044   0.999576    48.17572127  -2.04243115  32.33614421
   -4.40959011  18.47425844  -5.42582024   1.9410358  -21.00613594
  -10.47945735 -21.23032823 -10.04016704   3.35990494]
 [ 63.09033291   1.02795647  47.56839203  -2.00500094  31.78583669
   -4.26817938  17.98995998  -5.06493244   1.84254612 -20.5940781
  -10.45177868 -21.04668514 -10.06051631   3.54105875]
 [ 63.20259399   1.21278204  46.79784357  -1.8759096   30.78446909
   -4.16796381  17.48471371  -5.4046423    1.75502702 -20.42530285
  -10.63403071 -20.92442041 -10.03045271   3.60630676]
 [ 63.30486058   1.33862319  46.15705971  -1.89508866  30.23503835
   -4.17506855  16.93774421  -5.60496261   1.74014046 -20.13988879
  -10.49069739 -20.81791481 -10.0155321    3.65684815]
 [ 63.38085931   1.46084636  45.65011883  -1.65219727  29.489865
   -4.19728291  16.35177939  -6.45518391   1.67073643 -20.11285499
  -10.61298578 -21.10527344  -9.89051837   3.75256928]
 [ 63.46353135   1.52372123  45.19282793  -1.80049547  29.16606163
   -4.22929877  15.78094706  -6.5260342    1.67372282 -19.88338965
  -10.50392151 -21.08924214  -9.87966122   3.74991258]
 [ 63.51555508   1.6449286   44.96983215  -1.46183937  28.59979712
   -4.07787229  15.17404649  -7.53642159   1.64497022 -19.9579423
  -10.52364544 -21.53498404  -9.71211428   3.8343466 ]
 [ 63.58567685   1.6912801   44.61005537  -1.59215852  28.33202692
   -4.11682611  14.33828042  -7.57851378   1.67486596 -19.795403
  -10.43303503 -21.78557351  -9.70610943   3.84115573]
 [ 63.59880343   1.74427549  44.49240305  -1.30644009  27.85036808
   -3.97999826  13.52212822  -8.78669548   1.5991813  -19.90592962
  -10.46202766 -22.24569047  -9.61440449   3.93940847]
 [ 63.64003154   1.74368105  44.34384023  -1.33034123  27.77000579
   -3.9882955   13.10324315  -9.04093473   1.7213735  -19.87927465
  -10.34340216 -22.47734153  -9.5871223    3.86841566]
 [ 63.56595254   1.69621992  44.37686014  -0.92606432  27.38520638
   -3.69407306  12.83842949 -10.09792221   1.65297892 -20.08256283
  -10.31328574 -23.01624929  -9.54648403   3.98852141]
 [ 63.54275749   1.66314562  44.28104049  -0.68303367  27.30294205
   -3.44487764  12.83610643 -10.18384333   1.79856662 -20.09406442
  -10.16808789 -23.17277595  -9.53487019   3.9574767 ]
 [ 63.50179912   1.59927514  44.47546089  -0.13133777  27.13315733
   -2.99987428  12.91125584 -11.07456959   1.90889277 -20.46885743
   -9.91460709 -24.01554398  -9.38374165   3.99088379]
 [ 63.47498745   1.57103411  44.19134441   0.35780255  26.77628357
   -2.59586589  12.80118702 -11.19419543   2.01297336 -20.51283901
   -9.80300987 -24.12754374  -9.43929597   3.96199976]
 [ 63.46768999   1.54518155  44.49751352   1.21764001  26.65056842
   -1.92678968  12.89284471 -11.85148246   2.13330871 -20.82780956
   -9.51366122 -25.08555305  -9.3079505    4.065954  ]
 [ 63.46502244   1.55085564  44.12271115   1.5843022   26.20445118
   -1.59821799  12.66112516 -11.87738025   2.18972964 -20.83144692
   -9.5027328  -24.95028271  -9.403411     4.03778497]
 [ 63.46343427   1.56431112  44.37523434   2.47209277  26.11967462
   -0.94919685  12.79881996 -12.31650787   2.33402061 -21.05040482
   -9.2149404  -25.81054841  -9.31869035   4.16089418]
 [ 63.5003628    1.60268001  44.07215976   2.76235457  25.80185491
   -0.63787392  12.60376159 -12.04562636   2.37020516 -21.00055406
   -9.1380094  -25.67184933  -9.32354231   4.09675881]
 [ 63.48611531   1.5868678   44.2683931    3.47177821  25.76570935
   -0.18063578  12.60834317 -12.35160791   2.52830484 -21.18137315
   -8.95898803 -26.23364616  -9.29402094   4.16832819]
 [ 63.51111004   1.63989361  44.1251081    3.58107479  25.64624572
   -0.02824079  12.77230453 -12.15642165   2.61742302 -21.2075053
   -8.81919167 -26.192959    -9.33363895   4.21885239]
 [ 63.47095421   1.587976    44.28185742   4.13303298  25.69010611
    0.10374756  12.69326625 -12.47848851   2.73416159 -21.34970577
   -8.77608304 -26.47041941  -9.33311331   4.27429734]
 [ 63.4735202    1.63843626  44.30326398   4.14124033  25.81455638
    0.18716643  13.00078932 -11.98117215   2.83468266 -21.3798207
   -8.63279798 -26.43642406  -9.40669173   4.320905  ]
 [ 63.42705551   1.56453712  44.48171322   4.54181915  25.93635207
    0.25991319  12.87893637 -12.00375891   2.96245974 -21.53603405
   -8.64816534 -26.5839048   -9.36126048   4.34820369]
 [ 63.41649917   1.55048636  44.61334836   4.30405723  26.25402702
    0.10205816  13.13031749 -11.18271133   3.0575653  -21.52044243
   -8.57040436 -26.45272269  -9.43521204   4.33870596]
 [ 63.35120457   1.47273046  44.79091378   4.39181429  26.45323381
    0.01823226  12.99324627 -10.74036041   3.09095699 -21.55851491
   -8.70072911 -26.172933    -9.41473731   4.30406791]
 [ 63.34635776   1.4573096   44.87314412   4.01338628  26.68732979
   -0.26543528  13.2273284  -10.14470633   3.14593006 -21.43308606
   -8.71979011 -25.96166429  -9.47129873   4.24416036]
 [ 63.26784315   1.42172115  44.95521057   3.78550956  26.89932562
   -0.56506617  13.21033137  -9.9301927    3.13396175 -21.43993841
   -8.94968491 -25.63330438  -9.54346738   4.17380581]
 [ 63.17373408   1.36331575  45.04381363   3.78864691  27.0391428
   -0.59541376  13.32080304  -9.84976454   3.1855499  -21.32696227
   -8.92772169 -25.14550134  -9.61707505   4.05999568]]